Run start 0 0 0 0
0 0 0 0 ['inp', 'w']
9 1 11 11 ['inp', 'w']
9 1 13 299 ['inp', 'w']
9 1 17 7791 ['inp', 'w']
9 1 16 202582 ['inp', 'w']
9 1 21 5267153 ['inp', 'w']
9 1 16 5267148 ['inp', 'w']
9 1 19 5267151 ['inp', 'w']
9 1 23 136945949 ['inp', 'w']
9 1 11 136945937 ['inp', 'w']
9 1 15 3560594377 ['inp', 'w']
9 1 17 3560594379 ['inp', 'w']
9 1 20 3560594382 ['inp', 'w']
9 0 0  136945937 ['inp', 'w']
Run finished! 9 0 0 5267151
5267151 (9, 9, 9, 9, 9, 9, 9, 9, 9, 9, 9, 9, 9, 9)

202579 (9, 9, 9, 9, 9, 9, 9, 9, 9, 9, 3, 8, 8, 2)
202578 (9, 9, 9, 9, 9, 9, 9, 9, 9, 9, 3, 8, 8, 1)
7791 (9, 9, 9, 9, 9, 9, 2, 5, 9, 9, 3, 9, 6, 9)
7790 (9, 9, 9, 9, 9, 9, 2, 5, 9, 9, 3, 9, 5, 5)
7789 (9, 9, 9, 9, 9, 9, 2, 5, 9, 9, 3, 9, 5, 4)
7788 (9, 9, 9, 9, 9, 9, 2, 5, 9, 9, 3, 9, 5, 3)
7787 (9, 9, 9, 9, 9, 9, 2, 5, 9, 9, 3, 9, 5, 2)
7786 (9, 9, 9, 9, 9, 9, 2, 5, 9, 9, 3, 9, 5, 1)
306 (9, 9, 9, 9, 9, 7, 2, 5, 9, 9, 3, 9, 6, 9)
305 (9, 9, 9, 9, 9, 7, 2, 5, 9, 9, 3, 9, 6, 8)
304 (9, 9, 9, 9, 9, 7, 2, 5, 9, 9, 3, 9, 6, 7)
303 (9, 9, 9, 9, 9, 7, 2, 5, 9, 9, 3, 9, 6, 6)
302 (9, 9, 9, 9, 9, 7, 2, 5, 9, 9, 3, 9, 6, 5)
301 (9, 9, 9, 9, 9, 7, 2, 5, 9, 9, 3, 9, 6, 4)
300 (9, 9, 9, 9, 9, 7, 2, 5, 9, 9, 3, 9, 6, 3)
299 (9, 9, 9, 9, 9, 7, 2, 5, 9, 9, 3, 9, 6, 2)
298 (9, 9, 9, 9, 9, 7, 2, 5, 9, 9, 3, 9, 6, 1)

req z values. len, max value.
0 1 0
1 9 11
2 107 306
3 1133 7968
4 12016 207189
5 1133 7968...
